725020 14734 NEWARK LIBERTY INTERNATIONAL A 2004  976  870 1023  960 1045  940 1032 1036  954  958  953  958
725020 14734 NEWARK LIBERTY INTERNATIONAL A 2005 1078  889 1000  962  967  961 1008  992  922 1105  943  995
725020 14734 NEWARK LIBERTY INTERNATIONAL A 2006 1040  879  962  961  997 1008  978  995  966  984  989  960
725020 14734 NEWARK LIBERTY INTERNATIONAL A 2007 1017  896  999  975  935  970  998 1017  954 1070  979 1100
725020 14734 NEWARK LIBERTY INTERNATIONAL A 2008  962 1044  999 1017 1012 1008 1072  969  987  977 1021 1142
725020 14734 NEWARK LIBERTY INTERNATIONAL A 2009 1056  880 1065 1029 1163 1148 1072 1055  983 1042  970 1051
725020 14734 NEWARK LIBERTY INTERNATIONAL A 2010 1010 1030 1121  998 1031  961 1024 1009 1004 1027  988  994
725020 14734 NEWARK LIBERTY INTERNATIONAL A 2011 1081  951 1063 1089 1116 1009  976 1138 1080 1032  988 1018
725020 14734 NEWARK LIBERTY INTERNATIONAL A 2012 1022  928 1032  961 1099  974 1006 1026 1019 1066  939 1119
725020 14734 NEWARK LIBERTY INTERNATIONAL A 2013 1039  958 1005  983 1056 1027 1040  997  939  997  968 1092
725020 14734 NEWARK LIBERTY INTERNATIONAL A 2014 1118 1021  982  980 1037 1016  985  963  965 1013  987 1039
725020 14734 NEWARK LIBERTY INTERNATIONAL A 2015 1061  914 1082  975 1005 1025  982  969  948  969  985 1123
725060 94728 NEW YORK CENTRAL PARK          2010    0    0    0    0    0    0    0 2743 2374 1114 1038 1030
725060 94728 NEW YORK CENTRAL PARK          2011  983  913 1016 1026 1084  987  926 1139 1069  999  895  946
725060 94728 NEW YORK CENTRAL PARK          2012 1008  952 1048  975 1235 1066 1056    1    0    0    0    0


Total Surface Hourly Observations Available: 172677
Total Station-Years: 15
